[WDMinimal.jpg]
text=5;142;3;NYX;Microsoft YaHei UI Light;0.149772,0.091634,0.189759,6.283185;v1,4287045917,4294967295,128.000000,1.000000,0.009346,1.000000,400,0,49152;;149;12;Design Space;Microsoft YaHei Light;0.163288,0.286210,0.057236,6.283185;v1,4294967295,4294967295,128.000000,1.000000,0.750000,1.000000,400,2,49152;;128;1;O;Poor Richard;0.018142,0.031991,0.266364,0.000000;v1,4278519045,4294967295,128.000000,1.000000,0.056075,1.000000,700,2,49153;;157;26;Web Design and Development;Segoe UI Symbol;0.024840,0.362122,0.040780,6.283185;v1,4294967295,4294967295,128.000000,1.000000,0.009346,1.000000,400,0,49152;;153;23;www.ONYXDesignSpace.com;Berlin Sans FB;0.419033,0.061809,0.022222,7.241514;v1,4294967295,4278190080,128.000000,1.000000,0.009346,1.000000,400,0,49152;;
backuphash=40981
textactive=1
[OnyxLogo.jpg]
backuphash=64489
[Android.jpg]
backuphash=58510
[rymimages.jpg]
backuphash=41402
